vin,fuel_type,engine_volume
kmhtc6ad9du149560,Gasoline,1.6
5npeb4ac5dh554806,Gasoline,2.4
5npeb4ac6dh614639,Gasoline,2.4
5npeb4ac7dh563278,Gasoline,2.4
kmhec4a4xda075760,Gasoline,2.4
5npeb4ac9dh554033,Gasoline,2.4
5npeb4acxdh639611,Gasoline,2.4
5npeb4ac8dh592191,Gasoline,2.4
5npec4ac0dh530068,Gasoline,2.4
5npec4acxdh612504,Gasoline,2.4
5xyzw3la6dg030633,Gasoline,2.0
kmhec4a4xda079811,Gasoline,2.4
kmhtc6ad1du085210,Gasoline,1.6
5npeb4ac5dh671589,Gasoline,2.4
km8ju3ac5du624793,Gasoline,2.4
kmhec4a40da051208,Gasoline,2.4
5npec4ac7dh694093,Gasoline,2.4
5npeb4ac4dh506374,Gasoline,2.4
5npeb4ac5dh804027,Gasoline,2.4
kmhtc6ad9du106093,Gasoline,1.6
km8ju3ac4du650687,Gasoline,2.4
5npeb4ac2dh763372,Gasoline,2.4
5npeb4ac2dh711238,Gasoline,2.4
km8sm4hf7du012718,Gasoline,3.3
kmhec4a45da065752,Gasoline,2.4
kmhtc6ad2du103729,Gasoline,1.6
km8jucac4du594976,Gasoline,2.4
kmhtc6ad6du087681,Gasoline,1.6
5npeb4ac7dh681234,Gasoline,2.4
jn1cv6ek5dm921014,Gasoline,3.7
5npeb4ac2dh561891,Gasoline,2.4
5npeb4ac7dh764243,Gasoline,2.4
5npeb4acxdh578387,Gasoline,2.4
5npec4ab4dh524507,Gasoline,2.0
kmhec4a45da078212,Gasoline,2.4
5xyzt3lb3dg065020,Gasoline,2.4
5npeb4acxdh754547,Gasoline,2.4
5npeb4ac6dh715261,Gasoline,2.4
5xyzt3lb6dg058286,Gasoline,2.4
5npeb4ac0dh792319,Gasoline,2.4
5npeb4ac7dh564835,Gasoline,2.4
5npeb4ac0dh765475,Gasoline,2.4
kmhtc6ad3du089470,Gasoline,1.6
jn8cs1mw0dm173841,Gasoline,3.7
5npeb4acxdh703212,Gasoline,2.4
5npeb4ac9dh739490,Gasoline,2.4
5npeb4ac1dh511578,Gasoline,2.4
5npec4ab7dh504364,Gasoline,2.0
5npeb4ac9dh657114,Gasoline,2.4
5npeb4ac3dh654564,Gasoline,2.4
jn1cv6ar3dm351288,Gasoline,3.7
jn1cv6ap5dm711014,Gasoline,3.7
jn1cv6ar4dm750484,Gasoline,3.7
jn1cv6el7dm980283,Gasoline,3.7
jn1cv6ar3dm752145,Gasoline,3.7
jn1cv6ar7dm355229,Gasoline,3.7
jn1cv6ap8dm713582,Gasoline,3.7
jn1cv6ar0dm352933,Gasoline,3.7
jn1cv6ar4dm754292,Gasoline,3.7
jn1cv6arxdm753826,Gasoline,3.7
jn1cv6ar5dm350739,Gasoline,3.7
jn1cv6elxdm982299,Gasoline,3.7
jn1cv6ar4dm762800,Gasoline,3.7
jn1cv6ar9dm755051,Gasoline,3.7
jn1cv6ek0dm920918,Gasoline,3.7
jn1cv6ar2dm750516,Gasoline,3.7
jn1cv6ar4dm760870,Gasoline,3.7
jn1cv6ar6dm752804,Gasoline,3.7
jn1cv6ar2dm752797,Gasoline,3.7
5n1al0mm1dc311428,Gasoline,3.5
jn1cv6ar1dm761409,Gasoline,3.7
jn1cv6ar5dm757413,Gasoline,3.7
jn1cv6ar6dm350362,Gasoline,3.7
jn1cv6arxdm756516,Gasoline,3.7
jn1cv6ar2dm350925,Gasoline,3.7
jn1cv6ar7dm350094,Gasoline,3.7
jn1cv6ar4dm760741,Gasoline,3.7
jn1cv6ar6dm750681,Gasoline,3.7
jn1cv6ar5dm350854,Gasoline,3.7
jn1cv6ar7dm759874,Gasoline,3.7
jn1cv6el6dm950627,Gasoline,3.7
jn1cv6ar5dm752972,Gasoline,3.7
jn1cv6arxdm751669,Gasoline,3.7
jn1cv6ap3dm716664,Gasoline,3.7
jn1cv6ar0dm757562,Gasoline,3.7
jn1cv6ap9dm712134,Gasoline,3.7
jn1cv6ar4dm751814,Gasoline,3.7
jn1cv6ar0dm752393,Gasoline,3.7
jn1cv6ar7dm354453,Gasoline,3.7
jn1cv6ar6dm350927,Gasoline,3.7
jn1cv6ar0dm751454,Gasoline,3.7
5n1al0mmxdc338921,Gasoline,3.5
jn1cv6ar0dm753916,Gasoline,3.7
jn1cv6ap6dm714701,Gasoline,3.7
jn1cv6ar6dm755864,Gasoline,3.7
jn1cv6ar3dm757149,Gasoline,3.7
jn1cv6ap0dm719182,Gasoline,3.7
jn1cv6ar7dm350015,Gasoline,3.7
5n1al0mm2dc345054,Gasoline,3.5
jn1cv6el4dm950237,Gasoline,3.7
jn1cv6ar7dm751807,Gasoline,3.7
jn1cv6ar5dm752177,Gasoline,3.7
jn1cv6el0dm980223,Gasoline,3.7
jn1cv6ar4dm751750,Gasoline,3.7
jn1cv6ar8dm753694,Gasoline,3.7
jn1cv6apxdm713843,Gasoline,3.7
jn1cv6ap8dm713484,Gasoline,3.7
jn1cv6ar4dm757743,Gasoline,3.7
jn1cv6ar3dm760343,Gasoline,3.7
jn1cv6ar9dm352137,Gasoline,3.7
jn1cv6ar7dm755579,Gasoline,3.7
jn1cv6ar6dm762040,Gasoline,3.7
jn1cv6ar0dm352236,Gasoline,3.7
jn1cv6ar7dm756103,Gasoline,3.7
jn1cv6apxdm713051,Gasoline,3.7
jn1cv6el1dm980148,Gasoline,3.7
jn1cv6ar6dm765634,Gasoline,3.7
jn1cv6arxdm752451,Gasoline,3.7
jn1cv6ar9dm755289,Gasoline,3.7
5n1al0mm7dc327343,Gasoline,3.5
jn1cv6ar4dm753675,Gasoline,3.7
5n1al0mm4dc310256,Gasoline,3.5
jn1cv6ar1dm752032,Gasoline,3.7
jn1cv6ar3dm755076,Gasoline,3.7
jn1cv6ar1dm751107,Gasoline,3.7
jn1cv6ar1dm750801,Gasoline,3.7
5n1al0mmxdc336859,Gasoline,3.5
jn1cv6ar3dm750315,Gasoline,3.7
jn1cv6ar3dm353610,Gasoline,3.7
jn1cv6arxdm751395,Gasoline,3.7
jn1cv6el8dm980230,Gasoline,3.7
jn1cv6ap2dm300959,Gasoline,3.7
jn1cv6el6dm981117,Gasoline,3.7
jn1cv6ar8dm762069,Gasoline,3.7
jn1cv6ar5dm750638,Gasoline,3.7
jn1cv6el3dm981673,Gasoline,3.7
jn1cv6ap3dm716177,Gasoline,3.7
jn1cv6ek1dm920927,Gasoline,3.7
jn1cv6ap7dm714237,Gasoline,3.7
1c4njpba0dd237734,Gasoline,2.0
5xxgn4a77dg176910,Gasoline,2.4
1c4bjweg9dl567682,Gasoline,3.6
jn1by1ap0dm513074,Gasoline,3.7
1c4bjwfg1dl504672,Gasoline,3.6
jn1by1ap5dm512874,Gasoline,3.7
5xxgm4a72dg196212,Gasoline,2.4
1c4njrbb2dd259528,Gasoline,2.4
knafu4a20d5651639,Gasoline,2.0
sajwj0ef7d8s88693,Gasoline,3
5xxgn4a78dg109734,Gasoline,2.4
1c4njpcb5dd185573,Gasoline,2.4
knaft4a26d5701138,Gasoline,2.0
knafu4a20d5664228,Gasoline,2.0
1c4njcbb3dd211016,Gasoline,2.4
jn1by1apxdm514054,Gasoline,3.7
knafw4a32d5701301,Gasoline,2.4
jn1by1apxdm512501,Gasoline,3.7
1c4njceb3dd167708,Gasoline,2.4
5xxgn4a7xdg125532,Gasoline,2.4
1c4ajwag2dl536940,Gasoline,3.6
knafu4a23d5719836,Gasoline,2.0
5xxgm4a75dg240929,Gasoline,2.4
1c4bjwdg1dl568570,Gasoline,3.6
knafu4a25d5710670,Gasoline,2.0
1c4rjfct2dc603565,Gasoline,5.7
5xxgm4a72dg251595,Gasoline,2.4
5xxgm4a70dg201908,Gasoline,2.4
1c4njrfb7dd137516,Gasoline,2.4
1c4bjwdg7dl553944,Gasoline,3.6
1c4bjweg0dl615411,Gasoline,3.6
1c4rjebg8dc645012,Gasoline,3.6
1c4rjfcgxdc531789,Gasoline,3.6
1c4rjfag5dc593684,Gasoline,3.6
knafu4a26d5728305,Gasoline,2.0
5xxgn4a77dg259320,Gasoline,2.4
5xxgm4a78dg256588,Gasoline,2.4
1c4bjwdg4dl571544,Gasoline,3.6
knagm4ad7d5040495,Gasoline,2.4
1c4ajwag6dl595540,Gasoline,3.6
1c4bjwdg8dl578092,Gasoline,3.6
1c4ajwag3dl584804,Gasoline,3.6
1c4bjweg0dl562127,Gasoline,3.6
jn1by1ar3dm602042,Gasoline,3.7
1c4bjwdg8dl501691,Gasoline,3.6
knafu4a23d5672100,Gasoline,2.0
1c4bjwdg7dl602155,Gasoline,3.6
1c4bjwfg6dl548358,Gasoline,3.6
1c4rjebg3dc656869,Gasoline,3.6
5xxgm4a73dg116335,Gasoline,2.4
jn1by1ar4dm602955,Gasoline,3.7
1c4njdcb4dd145600,Gasoline,2.4
1c4ajwag1dl655160,Gasoline,3.6
5xxgn4a71dg201980,Gasoline,2.4
1c4njdbb3dd271464,Gasoline,2.4
1c4rjfbg5dc633048,Gasoline,3.6
1c4rjeag3dc588820,Gasoline,3.6
1c4hjwfg9dl700952,Gasoline,3.6
1c4njpfbxdd116616,Gasoline,2.4
5xxgm4a72dg182777,Gasoline,2.4
1c4ajwagxdl626966,Gasoline,3.6
5xxgm4a79dg115092,Gasoline,2.4
5xxgm4a7xdg151129,Gasoline,2.4
kndjt2a56d7556053,Gasoline,1.6
kndjt2a66d7567787,Gasoline,2.0
kndjt2a51d7749324,Gasoline,1.6
jthbk1gg9d2032479,Gasoline,3.5
kndjt2a5xd7612804,Gasoline,1.6
kndpb3a25d7382954,Gasoline,2.4
kndjt2a59d7612325,Gasoline,1.6
5xxgr4a6xdg245827,Gasoline,2.0
5xykw4a26dg354085,Gasoline,3.5
kndpcca22d7396260,Gasoline,2.4
kndjt2a59d7612373,Gasoline,1.6
kndjt2a5xd7512198,Gasoline,1.6
kndjt2a54d7581047,Gasoline,1.6
knadm4a37d6125132,Gasoline,1.6
knadm5a34d6229390,Gasoline,1.6
kndjt2a69d7542690,Gasoline,2.0
5xxgr4a62dg214250,Gasoline,2.0
5xxgr4a68dg113150,Gasoline,2.0
kndpbca26d7436147,Gasoline,2.4
5xxgr4a61dg130551,Gasoline,2.0
5xxgr4a64dg108592,Gasoline,2.0
5xxgr4a63dg137114,Gasoline,2.0
knadm4a32d6164825,Gasoline,1.6
kndjt2a54d7594624,Gasoline,1.6
jthbe1bl5d5021845,Gasoline,3.5
5xxgm4a78dg170410,Gasoline,2.4
5xxgm4a77dg142369,Gasoline,2.4
salsh2e4xda772796,Gasoline,5.0
kndjt2a51d7579658,Gasoline,1.6
knadm4a39d6241206,Gasoline,1.6
kndjt2a57d7573458,Gasoline,1.6
5xykt4a26dg402922,Gasoline,3.5
5xxgr4a65dg104003,Gasoline,2.0
kndjt2a57d7500753,Gasoline,1.6
5xxgm4a73dg221554,Gasoline,2.4
salvp1bgxdh729401,Gasoline,2
5xykuda25dg372020,Gasoline,3.5
kndjt2a59d7581044,Gasoline,1.6
knadm4a30d6145903,Gasoline,1.6
knadm4a35d6158839,Gasoline,1.6
5xxgr4a63dg139459,Gasoline,2.0
5xykw4a2xdg323812,Gasoline,3.5
knadm4a32d6184993,Gasoline,1.6
jthbk1gg0d2067783,Gasoline,3.5
knadm4a37d6105995,Gasoline,1.6
jthbk1gg3d2024510,Gasoline,3.5
knadn4a30d6238790,Gasoline,1.6
5xykt3a15dg396757,Gasoline,2.4
knadm4a30d6303589,Gasoline,1.6
knadm4a33d6183853,Gasoline,1.6
5xxgr4a66dg190440,Gasoline,2.0
5xxgr4a61dg119016,Gasoline,2.0
5xykt4a60dg326892,Gasoline,2.4
5xxgm4a73dg212028,Gasoline,2.4
5xxgm4a79dg141918,Gasoline,2.4
salvp2bg0dh847334,Gasoline,2
knadn4a36d6128231,Gasoline,1.6
jthbk1gg7d2061768,Gasoline,3.5
kndpbca27d7397603,Gasoline,2.4
kndjt2a51d7761957,Gasoline,1.6
5xykt3a12dg394531,Gasoline,2.4
kndjt2a56d7772436,Gasoline,1.6
kndjt2a56d7557915,Gasoline,1.6
kndjt2a51d7562133,Gasoline,1.6
5xxgm4a78dg193072,Gasoline,2.4
knadn4a34d6296885,Gasoline,1.6
jthkd5bh1d2144324,Gasoline,1.8
knadm5a34d6274345,Gasoline,1.6
salvn2bg9dh743978,Gasoline,2
kndpcca27d7388929,Gasoline,2.4
jthbk1gg4d2043230,Gasoline,3.5
jthbe1bl5d5017455,Gasoline,3.5
kndpbca24d7528809,Gasoline,2.4
kndjt2a67d7776892,Gasoline,2.0
5xxgm4a78dg134202,Gasoline,2.4
jthkd5bh6d2130032,Gasoline,1.8
knadm4a33d6211263,Gasoline,1.6
jthkd5bh9d2165535,Gasoline,1.8
5xxgr4a69dg092678,Gasoline,2.0
2lmdj8jk7dbl13001,Gasoline,3.7
3ln6l2g94dr808712,Gasoline,2.0
3ln6l2gk7dr810277,Gasoline,3.7
3ln6l2g93dr804649,Gasoline,2.0
1lnhl9ft1dg611549,Gasoline,3.5
2lmdj8jk0dbl08951,Gasoline,3.7
2lmdj8jk0dbl23093,Gasoline,3.7
1lnhl9ek3dg611030,Gasoline,3.7
3ln6l2gkxdr820916,Gasoline,3.7
3ln6l2gk8dr816492,Gasoline,3.7
2lmdj6jk7dbl17991,Gasoline,3.7
2lmdj8jkxdbl37289,Gasoline,3.7
2lmhj5at7dbl51305,Gasoline,3.5
2t2zk1baxdc088186,Gasoline,3.5
jthbl5ef2d5123414,Gasoline,4.6
1lnhl9dk3dg613703,Gasoline,3.7
2lmdj8jk1dbl30778,Gasoline,3.7
3ln6l2g94dr804613,Gasoline,2.0
1lnhl9dk3dg605357,Gasoline,3.7
1lnhl9dk0dg603386,Gasoline,3.7
2t2bk1ba0dc175113,Gasoline,3.5
3ln6l2g96dr804645,Gasoline,2.0
jthce1bl5d5008811,Gasoline,3.5
2lmdj8jk1dbl15648,Gasoline,3.7
2lmdj8jkxdbl07998,Gasoline,3.7
3ln6l2g90dr808660,Gasoline,2.0
2lmhj5at9dbl52388,Gasoline,3.5
2lmdj6jk8dbl20737,Gasoline,3.7
3ln6l2g94dr800996,Gasoline,2.0
2lmdj8jk3dbl29213,Gasoline,3.7
2t2zk1ba2dc099652,Gasoline,3.5
2lmdj8jk6dbl24619,Gasoline,3.7
3ln6l2jk1dr802488,Gasoline,3.7
3ln6l2lu2dr814941,Gasoline,2.0
jthcf5c21d5061774,Gasoline,2.5
5lmjj2j59del02881,Gasoline,5.4
2t2zk1ba2dc115283,Gasoline,3.5
5lmjj2j51del04222,Gasoline,5.4
2lmdj8jk5dbl15362,Gasoline,3.7
2lmdj8jk9dbl28745,Gasoline,3.7
2lmdj8jk1dbl33258,Gasoline,3.7
jthce1bl8d5007569,Gasoline,3.5
jtjbm7fx4d5054885,Gasoline,4.6
jthbe1bl3d5003716,Gasoline,3.5
2lmdj6jk2dbl03674,Gasoline,3.7
3ln6l2g9xdr819794,Gasoline,2.0
5lmjj2j54del00892,Gasoline,5.4
2lmdj6jk4dbl32979,Gasoline,3.7
5lmjj2h51del02850,Gasoline,5.4
jthce1bl9d5001408,Gasoline,3.5
2lmdj6jk0dbl15354,Gasoline,3.7
5lmjj2h54del05581,Gasoline,5.4
2lmdj8jk9dbl16403,Gasoline,3.7
jthbe1bl6d5007002,Gasoline,3.5
3ln6l2g93dr818874,Gasoline,2.0
2lmdj8jk5dbl36194,Gasoline,3.7
jthbe1bl5d5025541,Gasoline,3.5
jthbf5c2xd5187370,Gasoline,2.5
jthbe1bl7d5002522,Gasoline,3.5
jthbe1bl5d5008688,Gasoline,3.5
jthbe1bl8d5001167,Gasoline,3.5
2t2bk1ba4dc179388,Gasoline,3.5
3ln6l2lu7dr804373,Gasoline,2.0
1lnhl9ek3dg613196,Gasoline,3.7
5lmjj2j51del06858,Gasoline,5.4
1lnhl9ek6dg609126,Gasoline,3.7
jm3ke2de8d0135591,,2.0
wddgf4hb7dr269713,Gasoline,1.8
jm3ke2be6d0114614,,2.0
1yvhz8bhxd5m04839,,2.5
jm3tb2ca9d0404886,,3.7
jm1bl1tf0d1777378,Gasoline,2.0
wddgj4hb8dg001117,Gasoline,1.8
jm1bl1tfxd1776108,Gasoline,2.0
wmwsv3c50dt389145,Gasoline,1.6
jm3tb3ca7d0405296,,3.7
wmwzb3c55dwm08536,Gasoline,1.6
wddgf4hb6dr266186,Gasoline,1.8
wmwsu3c50dt545087,Gasoline,1.6
5lmjj3h50del00772,Gasoline,5.4
wddgf4hb0dr260013,Gasoline,1.8
wddgf4hb2da803148,Gasoline,1.8
jm3tb2cv5d0410719,,3.7
wddgj4hb1dg009656,Gasoline,1.8
wddgf4hb6da782899,Gasoline,1.8
wmwzb3c50dwm07505,Gasoline,1.6
wmwzg3c50dt576779,Gasoline,1.6
jm1cw2bl8d0155500,,2.5
jm3tb2cv6d0412138,,3.7
jm1bl1lp3d1790313,Gasoline,2.0
wddgf4hb5da779587,Gasoline,1.8
wddgf4hb5da814001,Gasoline,1.8
jm1de1ky1d0157098,,1.5
jm1de1lyxd0160032,,1.5
jm1de1ly8d0153743,,1.5
wddgj4hb2dg063094,Gasoline,1.8
jm1cw2bl2d0147778,,2.5
wmwsu3c52dt684444,Gasoline,1.6
wmwsv3c55dt479701,Gasoline,1.6
jm1de1lzxd0158743,,1.5
jm1bl1l72d1763507,Gasoline,2.0
1yvhz8bh7d5m16723,,2.5
wmwsu3c56dt548169,Gasoline,1.6
jm1bl1v79d1766725,Gasoline,2.0
jm1de1ly0d0157978,,1.5
jm1bl1v7xd1712155,Gasoline,2.0
jm1nc2pf1d0233166,,2.0
jm1cw2bl9d0150788,,2.5
wmwsu3c59dt547596,Gasoline,1.6
wmwzb3c59dwm07258,Gasoline,1.6
jm3tb2ca8d0411232,,3.7
jm3tb2ca2d0405765,,3.7
jm3tb2ca2d0404955,,3.7
wddgf4hb9dr295200,Gasoline,1.8
jm1cw2cl5d0151676,,2.5
jm3ke2de8d0117740,,2.0
jm3tb2ca4d0414659,,3.7
wddgf4hbxda808520,Gasoline,1.8
jm3tb2cv2d0411343,,3.7
jm1bl1tf4d1719564,Gasoline,2.0
wddgf4hb0da785023,Gasoline,1.8
wmwzn3c54dt568352,Gasoline,1.6
wddgj4hb3df972239,Gasoline,1.8
jm3tb2ca8d0410579,,3.7
jm1cw2bl2d0154729,,2.5
jm3tb2ca4d0410207,,3.7
wddgf4hb6dr241370,Gasoline,1.8
jm3ke4de7d0140258,,2.0
wmwsu3c59dt371438,Gasoline,1.6
wmwzc3c57dwp20709,Gasoline,1.6
wmwsv3c51dt476469,Gasoline,1.6
jm1cw2bl9d0151424,,2.5
1gcvkrec7ez110313,Gasoline,5.3
1gc1kye89ef105586,Diesel,6.6
3gcukrec0eg423005,Gasoline,5.3
1gc1kxc83ef164002,Diesel,6.6
3gcpcrec8eg423098,Gasoline,5.3
3gcpcsec6eg348263,Gasoline,5.3
3gcukrecxeg311750,Gasoline,5.3
3gcuksec7eg307114,Gasoline,5.3
2g61p5s30e9225653,Gasoline,3.6
3gcukrec5eg138977,Gasoline,5.3
1gcvkreh8ez159998,Gasoline,4.3
2g1fg1e34e9222805,Gasoline,3.6
3gcukrecxeg146508,Gasoline,5.3
1gcncpeh5ez366270,Gasoline,4.3
3gcpcreh3eg438202,Gasoline,4.3
1gc1kxc81ef191098,Diesel,6.6
1gc1kxc84ef191533,Diesel,6.6
3gcuksec0eg153278,Gasoline,5.3
1gc1kye80ef175767,Diesel,6.6
3gcukreh2eg358346,Gasoline,4.3
1gc1kvc85ef143110,Diesel,6.6
3gcuksec4eg122650,Gasoline,5.3
3gcuksec6eg504081,Gasoline,5.3
1gc1kxc89ef170175,Diesel,6.6
3gcpcrec6eg474342,Gasoline,5.3
3gcukrec8eg422748,Gasoline,5.3
1gcrcrec2ez290010,Gasoline,5.3
1gcrcreh4ez358819,Gasoline,4.3
3gcpcrec3eg235606,Gasoline,5.3
1gc1kye85ef152565,Diesel,6.6
3gcuksec7eg123677,Gasoline,5.3
1gc1kxc81ef162653,Diesel,6.6
3gcpcreh9eg453402,Gasoline,4.3
2g1fa1e3xe9231543,Gasoline,3.6
3gcukreh4eg365962,Gasoline,4.3
2g1fa1e30e9259397,Gasoline,3.6
1gcvkreh4ez143328,Gasoline,4.3
3gcukreh1eg390849,Gasoline,4.3
3gcukreh4eg267725,Gasoline,4.3
2g1fe1e34e9163647,Gasoline,3.6
3gyfnce31es599212,Gasoline,3.6
1gc4k1c89ef179453,Diesel,6.6
3gcukreh7eg388989,Gasoline,4.3
1gc1kxc89ef191463,Diesel,6.6
1gcncpeh4ez255810,Gasoline,4.3
1gc1kvc88ef167305,Diesel,6.6
2g61w5s89e9135044,Gasoline,3.6
1gcvksec2ez115989,Gasoline,5.3
3gcuktec0eg317909,Gasoline,5.3
1gc1kxc89ef190300,Diesel,6.6
1gc1kvc88ef142937,Diesel,6.6
wddhf8jb2da720986,Gasoline,3.5
wddgf8abxdr244998,Gasoline,3.5
wddhf5kb4da683744,Gasoline,3.5
wddkk5kf5df186001,Gasoline,3.5
wddhf5kbxda660520,Gasoline,3.5
wddhf5kb9da720786,Gasoline,3.5
wddhf5kb8da699509,Gasoline,3.5
wddgj8jb6dg084029,Gasoline,3.5
wddhf5kb5da674289,Gasoline,3.5
wddhf5kb3da677854,Gasoline,3.5
wddhf5kb7da661284,Gasoline,3.5
wddhf5kb5da706996,Gasoline,3.5
wddhf5kb4da703510,Gasoline,3.5
wddhf5kb8da708807,Gasoline,3.5
wddhf5kb6da709700,Gasoline,3.5
wddhf5kb2da720032,Gasoline,3.5
wddlj9bb6da064174,Gasoline,4.7
wddgf8ab0dr247084,Gasoline,3.5
wddhf2eb7da710400,Diesel,3.0
wddhf5kb9da769342,Gasoline,3.5
wddgf5hb2dr261105,Gasoline,3.5
wddhf5kb1da680705,Gasoline,3.5
wddhf5kb5da708635,Gasoline,3.5
wddgj8jb8df944146,Gasoline,3.5
wddhf5kb7da687528,Gasoline,3.5
wddng7dbxda511002,Gasoline,4.7
wddpk4ha5df052780,Gasoline,1.8
wdcgg8jb8dg041282,Gasoline,3.5
wdcgg5hb8dg075727,Gasoline,3.5
wddhf8jb6da677754,Gasoline,3.5
4jgdf7ce5da251219,Gasoline,4.7
wdcgg5hbxdf996434,Gasoline,3.5
wdcgg5hb6df972695,Gasoline,3.5
ja32v2fwxdu011019,Gasoline,2.4
wdcgg8jb6dg093672,Gasoline,3.5
wddng7db1da493859,Gasoline,4.7
wddhf8jbxda689941,Gasoline,3.5
4jgdf7ce0da164487,Gasoline,4.7
ja32v2fw3du001092,Gasoline,2.4
wdcgg5hb8df998649,Gasoline,3.5
ja32v2fwxdu005849,Gasoline,2.4
wddng9eb0da513948,Gasoline,4.7
wddhf8jb2da709177,Gasoline,3.5
ja32v2fw7du010488,Gasoline,2.4
wdcgg8jb5dg094280,Gasoline,3.5
wddng7db0da495652,Gasoline,4.7
wddhf8jb0da704575,Gasoline,3.5
wddhf8jb1da673479,Gasoline,3.5
wddhf8jb3da666016,Gasoline,3.5
wdcgg5hbxdf995865,Gasoline,3.5
1n4al3ap9dc169663,Gasoline,2.5
1n4al3ap2dc113161,Gasoline,2.5
1n4al3ap0dc206115,Gasoline,2.5
1n4al3ap7dc166535,Gasoline,2.5
1n4al3ap3dc196874,Gasoline,2.5
4a4ar3au1de023995,Gasoline,2.0
1n4al3ap2dc201983,Gasoline,2.5
1n4al3ap9dc902407,Gasoline,2.5
1n4al3ap5dn544792,Gasoline,2.5
1n4al3ap5dc100887,Gasoline,2.5
ja32u2fu0du011094,Gasoline,2.0
ja32u1fu5du009058,Gasoline,2.0
1n4al3ap1dn473154,Gasoline,2.5
1n4al3ap0dc204168,Gasoline,2.5
ja32u1fuxdu002977,Gasoline,2.0
1n4al2ep2dc267390,Gasoline,2.5
ja32w8fv4du011783,Gasoline,2.0
1n4al3apxdc174516,Gasoline,2.5
1n4al3ap9dc253093,Gasoline,2.5
ja32w8fv3du018319,Gasoline,2.0
1n4al3apxdc188531,Gasoline,2.5
1n4al3apxdn440525,Gasoline,2.5
1n4al3ap0dc200346,Gasoline,2.5
1n4al3ap1dc154946,Gasoline,2.5
1n4al3ap1dc129626,Gasoline,2.5
1n4al2ep9dc184572,Gasoline,2.5
1n4al3ap7dn528495,Gasoline,2.5
1n4al3apxdc152144,Gasoline,2.5
1n4al3ap2dc259284,Gasoline,2.5
ja4jt3aw0du020760,Gasoline,2.4
1n4al3ap7dn443396,Gasoline,2.5
1n4al3ap3dc123505,Gasoline,2.5
1n4al2ep6dc219178,Gasoline,2.5
1n4al3ap5dn464523,Gasoline,2.5
1n4al3ap4dc157713,Gasoline,2.5
1n4al3ap7dc155728,Gasoline,2.5
1n4al3ap5dc160118,Gasoline,2.5
1n4al3ap6dc126043,Gasoline,2.5
1n4al3ap0dn497509,Gasoline,2.5
ja32u1fu7du003259,Gasoline,2.0
4a4ap3au0de009124,Gasoline,2.0
1n4al3ap5dc252233,Gasoline,2.5
ja4jt3aw0du020189,Gasoline,2.4
1n4al3ap1dn426755,Gasoline,2.5
1n4al3ap0dn524336,Gasoline,2.5
1n4al3ap6dc922615,Gasoline,2.5
1n4al3apxdc261106,Gasoline,2.5
1n4al3ap8dc272072,Gasoline,2.5
1n4al2ep8dc909160,Gasoline,2.5
1n4al2ep3dc189153,Gasoline,2.5
1n4al2ep6dc906421,Gasoline,2.5
1n4al3ap5dn546008,Gasoline,2.5
1n4al3ap6dc916880,Gasoline,2.5
1n4al3ap2dc167432,Gasoline,2.5
1n4al3ap5dn525286,Gasoline,2.5
1n4al3ap6dc132313,Gasoline,2.5
1n4al3ap3dn473821,Gasoline,2.5
1n4al3ap9dn439477,Gasoline,2.5
1n4al3ap4dc254491,Gasoline,2.5
1n4al3ap4dc297616,Gasoline,2.5
ja32u8fw0du000553,Gasoline,2.4
1n4al2epxdc201654,Gasoline,2.5
1n4al3ap0dc168434,Gasoline,2.5
1n4al3apxdn519015,Gasoline,2.5
1n4al3ap2dc196591,Gasoline,2.5
ja32u2fu7du018544,Gasoline,2.0
1n4al2ep9dc295414,Gasoline,2.5
1n4al3ap3dc192243,Gasoline,2.5
1n4al3ap7dn452485,Gasoline,2.5
ja32u1fu2du016498,Gasoline,2.0
ja32w8fv1du011935,Gasoline,2.0
1n4al3ap7dn479878,Gasoline,2.5
1n4al3ap8dc218836,Gasoline,2.5
1n4al2ep9dc289662,Gasoline,2.5
1n4al3ap0dc214750,Gasoline,2.5
1n4al3ap9dn584437,Gasoline,2.5
1n4al3ap7dn516069,Gasoline,2.5
4a4ap4au4de020553,Gasoline,2.0
1n4al3ap7dc172979,Gasoline,2.5
1n4al3ap5dc914683,Gasoline,2.5
1n4al3ap3dn573174,Gasoline,2.5
1n4al3ap9dc106370,Gasoline,2.5
1n4al3ap3dc900958,Gasoline,2.5
1n4al3ap6dc196724,Gasoline,2.5
1n4al3ap1dc262421,Gasoline,2.5
ja4jt3aw7du020805,Gasoline,2.4
1n4al3ap7dc222019,Gasoline,2.5
1n4al3ap0dc260949,Gasoline,2.5
ja4jt3aw9du021180,Gasoline,2.4
4a4ap3au8de023868,Gasoline,2.0
ja4js4ax1du011485,Gasoline,3.0
1n4al3ap0dc288556,Gasoline,2.5
1n4al3apxdc258352,Gasoline,2.5
1n4al3ap0dn535594,Gasoline,2.5
1n4al3ap9dc261503,Gasoline,2.5
1n4al2ep9dc233706,Gasoline,2.5
1n4al3apxdc140477,Gasoline,2.5
1n4al3ap8dc172571,Gasoline,2.5
jn1az4eh5dm881358,Gasoline,3.70
1n4al3ap5dc259988,Gasoline,2.5
1n4al3ap9dc254972,Gasoline,2.5
1n4al3ap7dc159696,Gasoline,2.5
1n4al2ep2dc297070,Gasoline,2.5
1n4al3ap0dc205210,Gasoline,2.5
ja32w8fv7du011664,Gasoline,2.0
1n4al2ep3dc216769,Gasoline,2.5
1n4al3ap8dc280429,Gasoline,2.5
1n4al3apxdc259176,Gasoline,2.5
1n4al3ap4dc103456,Gasoline,2.5
1n4al3ap5dn456986,Gasoline,2.5
1n4al3ap5dc286608,Gasoline,2.5
1n4al3ap3dc257950,Gasoline,2.5
1n4al3ap2dc159864,Gasoline,2.5
1n4al3ap6dn536541,Gasoline,2.5
1n4al3ap9dc146609,Gasoline,2.5
1n4al3ap8dc160968,Gasoline,2.5
1n4al3ap3dc117090,Gasoline,2.5
1n4al2ep1dc148116,Gasoline,2.5
1n4al3ap8dc210753,Gasoline,2.5
ja4jt3aw5du020740,Gasoline,2.4
1n4al3ap7dn521465,Gasoline,2.5
1n4al3ap6dc162461,Gasoline,2.5
ja4js4ax0du002566,Gasoline,3.0
1n4al3apxdc259999,Gasoline,2.5
1n4al3ap1dn537029,Gasoline,2.5
1n4al3ap8dc166723,Gasoline,2.5
1n4al3ap4dc203332,Gasoline,2.5
1n4al3ap2dn494269,Gasoline,2.5
ja32v2fw2du014691,Gasoline,2.4
1n4al3ap0dc282840,Gasoline,2.5
1n4al3ap4dn529488,Gasoline,2.5
jn8af5mv6dt219494,Gasoline,1.6
1n4al3ap0dc141976,Gasoline,2.5
5n1ar2mn9dc683036,Gasoline,3.5
jn8az1mw4dw323733,Gasoline,3.5
1n4al3ap1dc166949,Gasoline,2.5
1n4al3ap3dc916576,Gasoline,2.5
1n4al3ap0dn462047,Gasoline,2.5
1n6ad0ev3dn733520,Gasoline,4
5n1aa0ne9dn612594,Gasoline,5.6
5n1aa0ncxdn603935,Gasoline,5.6
jn8az1mw3dw323478,Gasoline,3.5
1n4aa5ap7dc847571,Gasoline,3.5
jn8az1mw9dw321377,Gasoline,3.5
1n4az0cp0dc400038,Electric,
jn8az1mu0dw214278,Gasoline,3.5
1n4aa5ap3dc847048,Gasoline,3.5
1n4al3ap9dn485794,Gasoline,2.5
jn8az1mu3dw213917,Gasoline,3.5
1n4al3ap1dc194542,Gasoline,2.5
1n4aa5ap1dc815019,Gasoline,3.5
jn8az1mu7dw214147,Gasoline,3.5
jn8az1mwxdw321503,Gasoline,3.5
1n4al3ap1dc131490,Gasoline,2.5
1n4al3ap8dn453662,Gasoline,2.5
5n1ba0nd5dn602060,Flexible Fuel Vehicle (FFV),5.6
1n4az0cp0dc401142,Electric,
jn8az1mu8dw213864,Gasoline,3.5
1n4al3ap2dc130476,Gasoline,2.5
1n4bl3ap9dn533752,Gasoline,3.5
1n4al3ap1dc172198,Gasoline,2.5
5n1ar2mm3dc666451,Gasoline,3.5
jn8az1mw2dw323326,Gasoline,3.5
jn8az1mu0dw214328,Gasoline,3.5
jn8az1mw6dw323622,Gasoline,3.5
jn8az1mw0dw323695,Gasoline,3.5
jn8az1mw7dw321152,Gasoline,3.5
1n4al3ap6dc150567,Gasoline,2.5
jn8af5mv5dt220393,Gasoline,1.6
1n4bl3ap4dc155464,Gasoline,3.5
1n4bl3ap6dc144739,Gasoline,3.5
1n4al3ap0dc226798,Gasoline,2.5
1n4al3ap4dn470636,Gasoline,2.5
jn8az1mu9dw213887,Gasoline,3.5
1n4aa5ap0dc845841,Gasoline,3.5
jn8az1mw0dw323728,Gasoline,3.5
1n4aa5ap1dc814274,Gasoline,3.5
1n4al3ap6dn435077,Gasoline,2.5
1n4al3ap4dc153435,Gasoline,2.5
1n4az0cpxdc415033,Electric,
1n4az0cp7dc402904,Electric,
jn8az1mu4dw214347,Gasoline,3.5
1n4bl3ap7dn535967,Gasoline,3.5
jn8az1mw2dw304615,Gasoline,3.5
5n1ar2mm5dc648064,Gasoline,3.5
1n4bl3ap3dn461625,Gasoline,3.5
1n4al3ap9dn430083,Gasoline,2.5
1n4az0cpxdc402735,Electric,
1n4bl3ap1dn509204,Gasoline,3.5
1n4aa5ap0dc847556,Gasoline,3.5
1n4al3ap4dc176701,Gasoline,2.5
jn8az1mu5dw213949,Gasoline,3.5
1n4al3ap4dc158862,Gasoline,2.5
jn8az1mw6dw322051,Gasoline,3.5
jn8az1mu9dw213856,Gasoline,3.5
1n4al3ap8dc135410,Gasoline,2.5
1n4bl3ap4dc120844,Gasoline,3.5
1n4al3ap0dn407887,Gasoline,2.5
jn8az1mu0dw204818,Gasoline,3.5
1n4al3ap4dc190131,Gasoline,2.5
1n4aa5ap3dc823994,Gasoline,3.5
1n4al3ap9dc135772,Gasoline,2.5
jn8az1mw7dw323404,Gasoline,3.5
1n4aa5ap3dc825504,Gasoline,3.5
1n4az0cp9dc410275,Electric,
1n4bl3ap1dn473580,Gasoline,3.5
jn8af5mr4dt207086,Gasoline,1.6
1n4al3apxdc216148,Gasoline,2.5
jn8az1muxdw213817,Gasoline,3.5
1n4aa5ap0dc841983,Gasoline,3.5
jn8az1mw5dw323286,Gasoline,3.5
1n4aa5ap4dc813197,Gasoline,3.5
jn8az1mu6dw213880,Gasoline,3.5
jn8az1mw2dw323391,Gasoline,3.5
1n4aa5ap6dc847142,Gasoline,3.5
1n4al3ap4dc150339,Gasoline,2.5
1n4az0cp7dc404880,Electric,
5n1ar2mm9dc621370,Gasoline,3.5
jn8az1mwxdw323512,Gasoline,3.5
1n4aa5ap5dc843728,Gasoline,3.5
1n4al3ap4dc157257,Gasoline,2.5
jn8az1mw3dw320161,Gasoline,3.5
1n4al3apxdc262272,Gasoline,2.5
1n4al3ap2dn440681,Gasoline,2.5
1n4al3apxdc206414,Gasoline,2.5
jn8az1mw6dw322096,Gasoline,3.5
jn8az1mw3dw323643,Gasoline,3.5
1n4aa5ap4dc846037,Gasoline,3.5
1n4al3ap0dn429999,Gasoline,2.5
jn8az1muxdw203997,Gasoline,3.5
jn8az1mw1dw314245,Gasoline,3.5
jn8az1mu9dw214330,Gasoline,3.5
jn8az1mw1dw323284,Gasoline,3.5
jn8az1mw9dw315580,Gasoline,3.5
1n4bl3ap5dn500411,Gasoline,3.5
1n4al3ap4dc131760,Gasoline,2.5
jn8az1mu6dw213944,Gasoline,3.5
1n4al3ap9dc248766,Gasoline,2.5
1n4al3ap1dc157250,Gasoline,2.5
1n4al3ap9dc194983,Gasoline,2.5
1n4aa5ap7dc846100,Gasoline,3.5
5n1ba0nc4dn615678,Flexible Fuel Vehicle (FFV),5.6
jn8az1mu0dw213180,Gasoline,3.5
1n4al3ap5dn440058,Gasoline,2.5
5n1aa0nc3dn601458,Gasoline,5.6
1n6ad0er0dn724809,Gasoline,4
jn8az1mu1dw208084,Gasoline,3.5
1n4al3ap8dn427384,Gasoline,2.5
jn8az1mw6dw321515,Gasoline,3.5
jn8az1mw5dw312241,Gasoline,3.5
5n1ba0nd2dn614294,Flexible Fuel Vehicle (FFV),5.6
jn8az1mu5dw214292,Gasoline,3.5
jn8az1mw1dw322913,Gasoline,3.5
jn8az1muxdw213400,Gasoline,3.5
3n1cn7apxdl821010,Gasoline,1.6
jn8as5mv0dw101662,Gasoline,2.5
jn8ae2kp6d9062133,Gasoline,3.5
3n1ab7ap4dl615620,Gasoline,1.8
3n1ab7ap7dl676573,Gasoline,1.8
5n1ar2mm7dc682653,Gasoline,3.5
3n1cn7apxdl823856,Gasoline,1.6
3n1cn7ap9dl869212,Gasoline,1.6
3n1cn7ap3dl888323,Gasoline,1.6
3n1ab7ap6dl698368,Gasoline,1.8
jn8as5mt2dw546967,Gasoline,2.5
3n1ab7ap7dl727991,Gasoline,1.8
5n1ar2mm0dc682199,Gasoline,3.5
3n1ab7ap3dl785581,Gasoline,1.8
jn8as5mv8dw147000,Gasoline,2.5
3n1ab7ap8dl622795,Gasoline,1.8
3n1ab7ap5dl650571,Gasoline,1.8
3n1ab7apxdl563233,Gasoline,1.8
5n1ar2mm8dc624454,Gasoline,3.5
3n1ab7ap5dl755045,Gasoline,1.8
3n1cn7ap8dl848156,Gasoline,1.6
jn8as5mv8dw618370,Gasoline,2.5
3n1ab7apxdl701286,Gasoline,1.8
1n6ba0ec4dn305192,Flexible Fuel Vehicle (FFV),5.6
jn8as5mv4dw126466,Gasoline,2.5
3n1ab7ap2dl694804,Gasoline,1.8
jn8as5mt0dw036987,Gasoline,2.5
jn8as5mt1dw550458,Gasoline,2.5
jn8ae2kp7d9066918,Gasoline,3.5
3n1ab7ap2dl644274,Gasoline,1.8
jn8ae2kp6d9065596,Gasoline,3.5
3n1ab7ap8dl717597,Gasoline,1.8
3n1ab7ap9dl651948,Gasoline,1.8
jn8as5mv9dw639504,Gasoline,2.5
jn8as5mt4dw550924,Gasoline,2.5
3n1ab7ap2dl684788,Gasoline,1.8
3n1ab7ap1dl706540,Gasoline,1.8
jn8as5mv3dw638123,Gasoline,2.5
3n1ab7ap4dl656944,Gasoline,1.8
jn8as5mv4dw625896,Gasoline,2.5
jn8ae2kp7d9060973,Gasoline,3.5
3n1cn7ap5dl865173,Gasoline,1.6
jn8ae2kp6d9062729,Gasoline,3.5
5n1ar2mm1dc606703,Gasoline,3.5
jn8as5mtxdw500755,Gasoline,2.5
5n1ar2mn8dc611907,Gasoline,3.5
3n1ab7ap8dl637488,Gasoline,1.8
3n1ab7ap3dl661598,Gasoline,1.8
3n1cn7apxdl839474,Gasoline,1.6
jn8as5mv0dw606231,Gasoline,2.5
5n1ar2mmxdc626951,Gasoline,3.5
3n1ab7ap9dl779252,Gasoline,1.8
jn8as5mt6dw512935,Gasoline,2.5
jn8as5mvxdw126777,Gasoline,2.5
jn8as5mt9dw547226,Gasoline,2.5
3n1cn7ap0dl889087,Gasoline,1.6
1n4al3ap7dc214874,Gasoline,2.5
3n1ab7ap2dl655615,Gasoline,1.8
3n1cn7apxdl822593,Gasoline,1.6
jn8as5mv3dw638848,Gasoline,2.5
jn8ae2kpxd9064600,Gasoline,3.5
5n1ar2mm2dc602594,Gasoline,3.5
jn8as5mv8dw116040,Gasoline,2.5
3n1ab7ap2dl684693,Gasoline,1.8
3n1ab7ap6dl687581,Gasoline,1.8
jn8as5mt0dw550127,Gasoline,2.5
3n1ab7ap2dl660054,Gasoline,1.8
jn8ae2kp5d9062883,Gasoline,3.5
5n1ar2mn9dc681920,Gasoline,3.5
3n1cn7ap0dl879692,Gasoline,1.6
jn8as5mv1dw126716,Gasoline,2.5
1n6ba0ec4dn301580,Flexible Fuel Vehicle (FFV),5.6
5n1ar2mn7dc616824,Gasoline,3.5
jn8as5mt4dw533198,Gasoline,2.5
jn8as5mv0dw612756,Gasoline,2.5
3n1ab7ap4dl763721,Gasoline,1.8
jn8as5mtxdw548210,Gasoline,2.5
3n1ab7ap5dl697020,Gasoline,1.8
3n1cn7ap6dl888333,Gasoline,1.6
jn8as5mv7dw127806,Gasoline,2.5
3n1ab7ap1dl662636,Gasoline,1.8
3n1ab7ap0dl696521,Gasoline,1.8
5n1ar2mm9dc684081,Gasoline,3.5
3n1ab7ap3dl762317,Gasoline,1.8
5n1ar2mm4dc650713,Gasoline,3.5
3n1cn7ap0dl889848,Gasoline,1.6
3n1ab7ap7dl684172,Gasoline,1.8
3n1cn7ap3dl868394,Gasoline,1.6
jn8as5mtxdw553374,Gasoline,2.5
jn8as5mv3dw626232,Gasoline,2.5
3n1ab7apxdl782077,Gasoline,1.8
3n1ab7ap2dl650625,Gasoline,1.8
jn8as5mt9dw548599,Gasoline,2.5
jn8as5mv5dw128937,Gasoline,2.5
3n1ab7ap2dl650317,Gasoline,1.8
jn8as5mt6dw011589,Gasoline,2.5
jn8as5mt7dw538945,Gasoline,2.5
jn8as5mtxdw035930,Gasoline,2.5
5n1ar2mn1dc629410,Gasoline,3.5
3n1ab7ap4dl767557,Gasoline,1.8
5n1ar2mn4dc610849,Gasoline,3.5
1c6rr7lt3ds560639,Gasoline,5.7
wp1aa2a20dla01844,Gasoline,3.6
jtlze4fe7dj031642,Gasoline,2.4
jf1znaa1xd2700372,,2.000000
jf1znaa10d1717123,,2.000000
jf1znaa14d1732336,,2.000000
wp0ca2a82ds114103,Gasoline,2.9
4s3bmca69d3014131,,2.5
3n1cn7ap2dl864708,Gasoline,1.6
1c6rr7ht8ds641757,Gasoline,5.7
jf1gjaa60dh033260,,2.0
1c6rr7nt7ds678299,Gasoline,5.7
4s3bmba68d3035093,Gasoline,2.5
1c6rr7lt5ds710637,Gasoline,5.7
jf1znaa1xd1725570,,2.000000
1c6rr7gt3ds694772,Gasoline,5.7
1c6rr6ft5ds587170,Gasoline,5.7
1c6rr7lt6ds505960,Gasoline,5.7
jtkjf5c70d3054680,Gasoline,2.5
1c6rr7pt1ds525916,Gasoline,5.7
3n1cn7ap7dl881360,Gasoline,1.6
1c6rr7lt6ds639772,Gasoline,5.7
1c6rr6lt3ds700148,Gasoline,5.7
1c6rr6kt4ds587179,Gasoline,5.7
4s3bmbb63d3025733,Gasoline,2.5
1c6rr6kt5ds540775,Gasoline,5.7
3c63rrkl3dg609123,Diesel,6.7
3c6jr6at7dg572617,Gasoline,5.7
1c6rr7lt7ds515347,Gasoline,5.7
5n1an0nu3dn824547,Gasoline,4
1c6rr7gt5ds631527,Gasoline,5.7
5n1an0nu1dn824188,Gasoline,4
1c6rr7gt9ds705712,Gasoline,5.7
jf1gpas67dh200789,,2.0
jf1znaa10d1733886,,2.000000
jf1gr8h60dl810508,,2.500000
1c6rr7ft6ds569248,Gasoline,5.7
jf1znaa12d1728284,,2.000000
1c6rr6gp8ds608045,Gasoline,4.7
jf1znaa1xd2728687,,2.000000
1c6rr7tt1ds701224,Gasoline,5.7
1c6rr7ft8ds576458,Gasoline,5.7
3c6ur5fl9dg526514,Diesel,6.7
jf1znaa18d1715359,,2.000000
1c6rr6kt4ds680820,Gasoline,5.7
1c6rr6lt4ds674322,Gasoline,5.7
jtlze4fe1dj039168,Gasoline,2.4
jtkjf5c78d3046312,Gasoline,2.5
1c6rr7fp7ds646986,Gasoline,4.7
3c6jr6ag7dg509973,Gasoline,3.6
1c6rr6ft3ds558301,Gasoline,5.7
1c6rr6gp6ds615219,Gasoline,4.7
4s3bmbb62d3025772,Gasoline,2.5
jf1znaa12d1734280,,2.000000
jf2shabc1dg409640,Gasoline,2.5
1c6rr7nt8ds630293,Gasoline,5.7
3n1cn7ap3dl859176,Gasoline,1.6
3c6ur5dl8dg569504,Diesel,6.7
jf1znaa16d2724541,,2.000000
jf2shaac5dh409135,Gasoline,2.5
1c6rr7ft1ds554866,Gasoline,5.7
1c6rr7kt7ds576490,Gasoline,5.7
4s3bmbb65d3023305,Gasoline,2.5
3c6tr5ctxdg610888,Gasoline,5.7
4s4brbcc9d3323916,Gasoline,2.5
4t1bd1fk6du069121,Gasoline,2.5
5yfbu4ee8dp149907,Gasoline,1.8
5yfbu4ee8dp092849,Gasoline,1.8
2t1bu4eexdc999117,Gasoline,1.8
2t1bu4ee1dc067212,Gasoline,1.8
2t1bu4eexdc971835,Gasoline,1.8
4t1bf1fk4du274480,Gasoline,2.5
4t1bf1fk5du271233,Gasoline,2.5
5yfbu4ee4dp085980,Gasoline,1.8
2t1bu4ee3dc051982,Gasoline,1.8
4t1bd1fk5du071359,Gasoline,2.5
4t1bd1fk5du082555,Gasoline,2.5
4t1bf1fk5du272995,Gasoline,2.5
4t1bf1fk0du209304,Gasoline,2.5
4s4brbkcxd3320217,Gasoline,2.5
5yfbu4eexdp172301,Gasoline,1.8
4t1bd1fk3du069111,Gasoline,2.5
4t1bf1fk5du244694,Gasoline,2.5
4t1bf1fk8du274837,Gasoline,2.5
4t1bf1fk4du261213,Gasoline,2.5
4t1bd1fk2du068113,Gasoline,2.5
4t1bf1fkxdu226109,Gasoline,2.5
5yfbu4ee4dp223520,Gasoline,1.8
4t1bf1fk3du260053,Gasoline,2.5
4t1bd1fk3du072266,Gasoline,2.5
2t1bu4ee0dc927035,Gasoline,1.8
4t1bk1fk3du531186,Gasoline,3.5
4t1bf1fk7du661251,Gasoline,2.5
4t1bd1fkxdu068036,Gasoline,2.5
5yfbu4eexdp155692,Gasoline,1.8
5yfbu4ee2dp096797,Gasoline,1.8
5yfbu4ee0dp108901,Gasoline,1.8
5yfbu4eexdp189874,Gasoline,1.8
5yfbu4ee2dp206358,Gasoline,1.8
4s4brbbc2d3263804,Gasoline,2.5
4t1bf1fk3du663790,Gasoline,2.5
2t1bu4ee4dc955310,Gasoline,1.8
5yfbu4ee2dp116336,Gasoline,1.8
2t1bu4ee1dc918795,Gasoline,1.8
4t1bf1fk5du238023,Gasoline,2.5
4t1bf1fk4du664169,Gasoline,2.5
5yfbu4ee9dp142299,Gasoline,1.8
4t1bk1eb4du021897,Gasoline,3.5
5yfbu4ee0dp205922,Gasoline,1.8
2t1bu4ee7dc965524,Gasoline,1.8
5yfbu4ee8dp149776,Gasoline,1.8
5yfbu4ee1dp132172,Gasoline,1.8
4t1bf1fk2du653218,Gasoline,2.5
4t1bf1fk2du284893,Gasoline,2.5
4t1bf1fk9du264074,Gasoline,2.5
4t1bf1fk8du257763,Gasoline,2.5
4t1bf1fk4du259929,Gasoline,2.5
4t1bf1fk9du227249,Gasoline,2.5
5yfbu4ee3dp171796,Gasoline,1.8
5yfbu4ee2dp157484,Gasoline,1.8
2t1bu4ee8dc045501,Gasoline,1.8
5yfbu4ee8dp182244,Gasoline,1.8
5yfbu4ee3dp163780,Gasoline,1.8
4t1bf1fk2du641926,Gasoline,2.5
4t1bf1fk5du271832,Gasoline,2.5
4s4brbkc2d3324780,Gasoline,2.5
4t1bf1fk3du231569,Gasoline,2.5
5yfbu4ee7dp105946,Gasoline,1.8
4t4bf1fk7dr274723,Gasoline,2.5
5yfbu4ee2dp213648,Gasoline,1.8
jtebu5jr1d5149951,Gasoline,4.0
